%YAML:1.0
---
#####################################################################
# 步兵(打符)
#####################################################################
K: !!opencv-matrix
   rows: 3
   cols: 3
   dt: d
   data: [ 2.363847656250000e+03, 0., 7.20e+02,
           0., 2.3644145507812500e+03, 5.40e+02,
           0., 0., 1. ]
D: !!opencv-matrix
   rows: 1
   cols: 5
   dt: d
   data: [ 2.7377921342849731e-01, -4.5255229949951172e+01,
           2.5284625589847565e-03, -9.4399158842861652e-04,
           1.4208205566406250e+03 ]
Tcb: !!opencv-matrix
   rows: 3
   cols: 3
   dt: f
   data: [ 1, 0, 0,
           0, 1, 0,
           0, 0, 1 ]